# name           MatCBIndex  daR   daG   daB   daA   frR   frG   frB   roughness  metal  DiffuseSrvHeapIndex
default         0 1.0 1.0 1.0 1.0 0.05 0.05 0.05 0.815 0.4 0
grass           1 0.0 1.0 0.0 1.0 0.01 0.01 0.01 0.925 0.3 0
water           2 0.5 0.5 1.0 0.5 0.02 0.02 0.02 0.326 0.2 0
brick           3 1.0 1.0 1.0 1.0 0.02 0.02 0.02 0.825 0.12 0
stone           4 1.0 1.0 1.0 1.0 0.03 0.03 0.03 0.743 0.22 0
tile            5 1.0 1.0 1.0 1.0 0.02 0.02 0.02 0.92 0.40 0
crate           6 1.0 1.0 1.0 1.0 0.03 0.03 0.03 0.796 0.36 0
ice             7 1.0 1.0 1.0 1.0 0.1 0.1 0.1 0.415 0.40 0
bone            8 1.0 1.0 1.0 1.0 0.09 0.09 0.09 0.438 0.41 0
metal           9 1.0 1.0 1.0 1.0 0.12 0.12 0.12 0.414 0.45 0
glass          10 1.0 1.0 1.0 1.0 0.08 0.08 0.08 0.224 0.3 0
wood           11 1.0 1.0 1.0 1.0 0.04 0.04 0.04 0.838 0.37 0
flat           12 1.0 1.0 1.0 1.0 0.01 0.01 0.01 0.932 0.2 0
tilebrown      13 1.0 1.0 1.0 1.0 0.02 0.02 0.02 0.424 0.424 0
monster        14 1.0 1.0 1.0 1.0 0.05 0.05 0.05 0.833 0.243 0
monsterweapon  15 1.0 1.0 1.0 1.0 0.06 0.06 0.06 0.702 0.33 0
playerweapon   16 1.0 1.0 1.0 1.0 0.07 0.07 0.07 0.742 0.34 0
coin           17 1.0 1.0 1.0 1.0 1.0 0.71 0.29 0.34 0.41 0
torchholder    18 1.0 1.0 1.0 1.0 0.05 0.05 0.05 0.615 0.391 0
chestwood      19 1.0 1.0 1.0 1.0 0.04 0.04 0.04 0.938 0.256 0
chestmetal     20 1.0 1.0 1.0 1.0 0.12 0.12 0.12 0.414 0.426 0
stonemain      21 1.0 1.0 1.0 1.0 0.03 0.03 0.03 0.743 0.46 0
doorwood       22 1.0 1.0 1.0 1.0 0.04 0.04 0.04 0.87938 0.48 0
doormetal      23 1.0 1.0 1.0 1.0 0.02 0.02 0.02 0.7382 0.38 0
button         24 1.0 1.0 1.0 1.0 0.06 0.06 0.06 0.424 0.43 0
ceilingmain    25 1.0 1.0 1.0 1.0 0.031 0.031 0.031 0.762 0.38 0
pillar         26 1.0 1.0 1.0 1.0 0.022 0.022 0.022 0.725 0.31 0
monsterflat    27 1.0 1.0 1.0 1.0 0.01 0.01 0.01 0.862 0.26 0